0.000243689
0.000243994
0.000244585
0.000245435
0.0002465
0.000247726
0.000249049
0.000250398
0.000251703
0.000252896
0.000253917
0.000254715
0.000255255
0.000255515
0.000255493
0.0002552
0.000254665
0.000252154
0.000252278
0.000252367
0.000252418
0.00025243
0.000252405
0.000252341
0.000252241
0.000252105
0.000251936
0.000251737
0.00025151
0.000251259
0.000250989
0.000250703
0.000250405
0.000250102
0.000249797
0.000249495
0.000249201
0.000248919
0.000248655
0.000248412
0.000248194
0.000248004
0.000247846
0.000248495
0.000247354
0.000246268
0.000245303
0.000244519
0.000243966
0.000243682
