0 0
0.166667 2.96171
0.333333 5.92211
0.5 8.87992
0.666667 11.8338
0.833333 14.7826
1 17.7248
1.16667 20.6593
1.33333 23.5847
1.5 26.4997
1.66667 29.4032
1.83333 32.2937
2 35.1701
2.16667 38.031
2.33333 40.8753
2.5 43.7016
2.66667 46.5088
2.83333 49.2955
3 52.0607
3.16667 54.803
3.33333 57.5212
3.5 60.2143
3.66667 62.8809
3.83333 65.52
4 68.1303
4.16667 70.7107
4.33333 73.2601
4.5 75.7774
4.66667 78.2614
4.83333 80.7111
5 83.1254
5.16667 85.5032
5.33333 87.8436
5.5 90.1454
5.66667 92.4076
5.83333 94.6294
6 96.8096
6.16667 98.9473
6.33333 101.042
6.5 103.092
6.66667 105.097
6.83333 107.055
7 108.967
7.16667 110.831
7.33333 112.646
7.5 114.412
7.66667 116.128
7.83333 117.793
8 119.406
8.16667 120.967
8.33333 122.474
8.5 123.928
8.66667 125.328
8.83333 126.673
9 127.962
9.16667 129.195
9.33333 130.371
9.5 131.49
9.66667 132.552
9.83333 133.555
10 134.5
10.1667 135.385
10.3333 136.212
10.5 136.978
10.6667 137.685
10.8333 138.331
11 138.916
11.1667 139.441
11.3333 139.904
11.5 140.306
11.6667 140.647
11.8333 140.925
12 141.142
12.1667 141.297
12.3333 141.39
12.5 141.421
12.6667 141.39
12.8333 141.297
13 141.142
13.1667 140.925
13.3333 140.647
13.5 140.306
13.6667 139.904
13.8333 139.441
14 138.916
14.1667 138.331
14.3333 137.685
14.5 136.978
14.6667 136.212
14.8333 135.385
15 134.5
15.1667 133.555
15.3333 132.552
15.5 131.49
15.6667 130.371
15.8333 129.195
16 127.962
16.1667 126.673
16.3333 125.328
16.5 123.928
16.6667 122.474
16.8333 120.967
17 119.406
17.1667 117.793
17.3333 116.128
17.5 114.412
17.6667 112.646
17.8333 110.831
18 108.967
18.1667 107.055
18.3333 105.097
18.5 103.092
18.6667 101.042
18.8333 98.9473
19 96.8096
19.1667 94.6294
19.3333 92.4076
19.5 90.1454
19.6667 87.8436
19.8333 85.5032
20 83.1254
20.1667 80.7111
20.3333 78.2614
20.5 75.7774
20.6667 73.2601
20.8333 70.7107
21 68.1303
21.1667 65.52
21.3333 62.8809
21.5 60.2143
21.6667 57.5213
21.8333 54.803
22 52.0607
22.1667 49.2955
22.3333 46.5088
22.5 43.7016
22.6667 40.8753
22.8333 38.031
23 35.1701
23.1667 32.2937
23.3333 29.4032
23.5 26.4997
23.6667 23.5847
23.8333 20.6593
24 17.7248
24.1667 14.7826
24.3333 11.8338
24.5 8.87993
24.6667 5.92212
24.8333 2.96171
25 7.57874e-06
25.1667 -2.9617
25.3333 -5.9221
25.5 -8.87991
25.6667 -11.8338
25.8333 -14.7825
26 -17.7248
26.1667 -20.6593
26.3333 -23.5847
26.5 -26.4997
26.6667 -29.4031
26.8333 -32.2937
27 -35.1701
27.1667 -38.031
27.3333 -40.8753
27.5 -43.7016
27.6667 -46.5088
27.8333 -49.2955
28 -52.0607
28.1667 -54.803
28.3333 -57.5212
28.5 -60.2143
28.6667 -62.8809
28.8333 -65.5199
29 -68.1303
29.1667 -70.7107
29.3333 -73.2601
29.5 -75.7773
29.6667 -78.2614
29.8333 -80.7111
30 -83.1254
30.1667 -85.5032
30.3333 -87.8436
30.5 -90.1454
30.6667 -92.4076
30.8333 -94.6294
31 -96.8096
31.1667 -98.9473
31.3333 -101.042
31.5 -103.092
31.6667 -105.097
31.8333 -107.055
32 -108.967
32.1667 -110.831
32.3333 -112.646
32.5 -114.412
32.6667 -116.128
32.8333 -117.793
33 -119.406
33.1667 -120.967
33.3333 -122.474
33.5 -123.928
33.6667 -125.328
33.8333 -126.673
34 -127.962
34.1667 -129.195
34.3333 -130.371
34.5 -131.49
34.6667 -132.552
34.8333 -133.555
35 -134.5
35.1667 -135.385
35.3333 -136.212
35.5 -136.978
35.6667 -137.685
35.8333 -138.331
36 -138.916
36.1667 -139.441
36.3333 -139.904
36.5 -140.306
36.6667 -140.647
36.8333 -140.925
37 -141.142
37.1667 -141.297
37.3333 -141.39
37.5 -141.421
37.6667 -141.39
37.8333 -141.297
38 -141.142
38.1667 -140.925
38.3333 -140.647
38.5 -140.306
38.6667 -139.904
38.8333 -139.441
39 -138.916
39.1667 -138.331
39.3333 -137.685
39.5 -136.978
39.6667 -136.212
39.8333 -135.385
40 -134.5
40.1667 -133.555
40.3333 -132.552
40.5 -131.49
40.6667 -130.371
40.8333 -129.195
41 -127.962
41.1667 -126.673
41.3333 -125.328
41.5 -123.928
41.6667 -122.474
41.8333 -120.967
42 -119.406
42.1667 -117.793
42.3333 -116.128
42.5 -114.412
42.6667 -112.646
42.8333 -110.831
43 -108.967
43.1667 -107.055
43.3333 -105.097
43.5 -103.092
43.6667 -101.042
43.8333 -98.9473
44 -96.8096
44.1667 -94.6294
44.3333 -92.4076
44.5 -90.1454
44.6667 -87.8436
44.8333 -85.5032
45 -83.1254
45.1667 -80.7111
45.3333 -78.2614
45.5 -75.7774
45.6667 -73.2601
45.8333 -70.7107
46 -68.1303
46.1667 -65.52
46.3333 -62.8809
46.5 -60.2143
46.6667 -57.5213
46.8333 -54.803
47 -52.0607
47.1667 -49.2955
47.3333 -46.5088
47.5 -43.7016
47.6667 -40.8753
47.8333 -38.031
48 -35.1701
48.1667 -32.2937
48.3333 -29.4032
48.5 -26.4997
48.6667 -23.5847
48.8333 -20.6593
49 -17.7248
49.1667 -14.7826
49.3333 -11.8338
49.5 -8.87994
49.6667 -5.92213
49.8333 -2.96172
50 -1.51575e-05



0 -122.474
0.166667 -123.928
0.333333 -125.328
0.5 -126.673
0.666667 -127.962
0.833333 -129.195
1 -130.371
1.16667 -131.49
1.33333 -132.552
1.5 -133.555
1.66667 -134.5
1.83333 -135.385
2 -136.212
2.16667 -136.978
2.33333 -137.685
2.5 -138.331
2.66667 -138.916
2.83333 -139.441
3 -139.904
3.16667 -140.306
3.33333 -140.647
3.5 -140.925
3.66667 -141.142
3.83333 -141.297
4 -141.39
4.16667 -141.421
4.33333 -141.39
4.5 -141.297
4.66667 -141.142
4.83333 -140.925
5 -140.647
5.16667 -140.306
5.33333 -139.904
5.5 -139.441
5.66667 -138.916
5.83333 -138.331
6 -137.685
6.16667 -136.978
6.33333 -136.212
6.5 -135.385
6.66667 -134.5
6.83333 -133.555
7 -132.552
7.16667 -131.49
7.33333 -130.371
7.5 -129.195
7.66667 -127.962
7.83333 -126.673
8 -125.328
8.16667 -123.928
8.33333 -122.474
8.5 -120.967
8.66667 -119.406
8.83333 -117.793
9 -116.128
9.16667 -114.412
9.33333 -112.646
9.5 -110.831
9.66667 -108.967
9.83333 -107.055
10 -105.097
10.1667 -103.092
10.3333 -101.042
10.5 -98.9473
10.6667 -96.8096
10.8333 -94.6294
11 -92.4076
11.1667 -90.1454
11.3333 -87.8436
11.5 -85.5032
11.6667 -83.1254
11.8333 -80.7111
12 -78.2614
12.1667 -75.7774
12.3333 -73.2601
12.5 -70.7107
12.6667 -68.1303
12.8333 -65.52
13 -62.8809
13.1667 -60.2143
13.3333 -57.5212
13.5 -54.803
13.6667 -52.0607
13.8333 -49.2955
14 -46.5088
14.1667 -43.7016
14.3333 -40.8753
14.5 -38.031
14.6667 -35.1701
14.8333 -32.2937
15 -29.4032
15.1667 -26.4997
15.3333 -23.5847
15.5 -20.6593
15.6667 -17.7248
15.8333 -14.7826
16 -11.8338
16.1667 -8.87992
16.3333 -5.92211
16.5 -2.96171
16.6667 -6.28037e-14
16.8333 2.96171
17 5.92211
17.1667 8.87992
17.3333 11.8338
17.5 14.7826
17.6667 17.7248
17.8333 20.6593
18 23.5847
18.1667 26.4997
18.3333 29.4032
18.5 32.2937
18.6667 35.1701
18.8333 38.031
19 40.8753
19.1667 43.7016
19.3333 46.5088
19.5 49.2955
19.6667 52.0607
19.8333 54.803
20 57.5212
20.1667 60.2143
20.3333 62.8809
20.5 65.52
20.6667 68.1303
20.8333 0
21 0
21.1667 0
21.3333 0
21.5 0
21.6667 0
21.8333 0
22 0
22.1667 0
22.3333 0
22.5 0
22.6667 0
22.8333 0
23 0
23.1667 0
23.3333 0
23.5 0
23.6667 0
23.8333 0
24 0
24.1667 0
24.3333 0
24.5 0
24.6667 0
24.8333 0
25 0
25.1667 0
25.3333 0
25.5 0
25.6667 0
25.8333 0
26 0
26.1667 0
26.3333 0
26.5 0
26.6667 0
26.8333 0
27 0
27.1667 0
27.3333 0
27.5 0
27.6667 0
27.8333 0
28 0
28.1667 0
28.3333 0
28.5 0
28.6667 0
28.8333 0
29 0
29.1667 0
29.3333 0
29.5 0
29.6667 0
29.8333 0
30 0
30.1667 0
30.3333 0
30.5 0
30.6667 0
30.8333 0
31 0
31.1667 0
31.3333 0
31.5 0
31.6667 0
31.8333 0
32 0
32.1667 0
32.3333 0
32.5 0
32.6667 0
32.8333 0
33 0
33.1667 0
33.3333 0
33.5 0
33.6667 0
33.8333 0
34 0
34.1667 0
34.3333 0
34.5 0
34.6667 0
34.8333 0
35 0
35.1667 0
35.3333 0
35.5 0
35.6667 0
35.8333 0
36 0
36.1667 0
36.3333 0
36.5 0
36.6667 0
36.8333 0
37 0
37.1667 0
37.3333 0
37.5 70.7107
37.6667 68.1303
37.8333 65.52
38 62.8809
38.1667 60.2143
38.3333 57.5213
38.5 54.803
38.6667 52.0607
38.8333 49.2955
39 46.5088
39.1667 43.7016
39.3333 40.8753
39.5 38.031
39.6667 35.1701
39.8333 32.2937
40 29.4032
40.1667 26.4997
40.3333 23.5847
40.5 20.6593
40.6667 17.7248
40.8333 14.7826
41 11.8338
41.1667 8.87993
41.3333 5.92212
41.5 2.96171
41.6667 7.57874e-06
41.8333 -2.9617
42 -5.9221
42.1667 -8.87991
42.3333 -11.8338
42.5 -14.7825
42.6667 -17.7248
42.8333 -20.6593
43 -23.5847
43.1667 -26.4997
43.3333 -29.4031
43.5 -32.2937
43.6667 -35.1701
43.8333 -38.031
44 -40.8753
44.1667 -43.7016
44.3333 -46.5088
44.5 -49.2955
44.6667 -52.0607
44.8333 -54.803
45 -57.5212
45.1667 -60.2143
45.3333 -62.8809
45.5 -65.5199
45.6667 -68.1303
45.8333 -70.7107
46 -73.2601
46.1667 -75.7773
46.3333 -78.2614
46.5 -80.7111
46.6667 -83.1254
46.8333 -85.5032
47 -87.8436
47.1667 -90.1454
47.3333 -92.4076
47.5 -94.6294
47.6667 -96.8096
47.8333 -98.9473
48 -101.042
48.1667 -103.092
48.3333 -105.097
48.5 -107.055
48.6667 -108.967
48.8333 -110.831
49 -112.646
49.1667 -114.412
49.3333 -116.128
49.5 -117.793
49.6667 -119.406
49.8333 -120.967
50 -122.474



0 122.474
0.166667 120.967
0.333333 119.406
0.5 117.793
0.666667 116.128
0.833333 114.412
1 112.646
1.16667 110.831
1.33333 108.967
1.5 107.055
1.66667 105.097
1.83333 103.092
2 101.042
2.16667 98.9473
2.33333 96.8096
2.5 94.6294
2.66667 92.4076
2.83333 90.1454
3 87.8436
3.16667 85.5032
3.33333 83.1254
3.5 80.7111
3.66667 78.2614
3.83333 75.7774
4 73.2601
4.16667 70.7107
4.33333 68.1303
4.5 65.52
4.66667 62.8809
4.83333 60.2143
5 57.5213
5.16667 54.803
5.33333 52.0607
5.5 49.2955
5.66667 46.5088
5.83333 43.7016
6 40.8753
6.16667 38.031
6.33333 35.1701
6.5 32.2937
6.66667 29.4032
6.83333 26.4997
7 23.5847
7.16667 20.6593
7.33333 17.7248
7.5 14.7826
7.66667 11.8338
7.83333 8.87993
8 5.92212
8.16667 2.96171
8.33333 7.57874e-06
8.5 -2.9617
8.66667 -5.9221
8.83333 -8.87991
9 -11.8338
9.16667 -14.7825
9.33333 -17.7248
9.5 -20.6593
9.66667 -23.5847
9.83333 -26.4997
10 -29.4031
10.1667 -32.2937
10.3333 -35.1701
10.5 -38.031
10.6667 -40.8753
10.8333 -43.7016
11 -46.5088
11.1667 -49.2955
11.3333 -52.0607
11.5 -54.803
11.6667 -57.5212
11.8333 -60.2143
12 -62.8809
12.1667 -65.5199
12.3333 -68.1303
12.5 -70.7107
12.6667 -73.2601
12.8333 -75.7773
13 -78.2614
13.1667 -80.7111
13.3333 -83.1254
13.5 -85.5032
13.6667 -87.8436
13.8333 -90.1454
14 -92.4076
14.1667 -94.6294
14.3333 -96.8096
14.5 -98.9473
14.6667 -101.042
14.8333 -103.092
15 -105.097
15.1667 -107.055
15.3333 -108.967
15.5 -110.831
15.6667 -112.646
15.8333 -114.412
16 -116.128
16.1667 -117.793
16.3333 -119.406
16.5 -120.967
16.6667 -122.474
16.8333 -123.928
17 -125.328
17.1667 -126.673
17.3333 -127.962
17.5 -129.195
17.6667 -130.371
17.8333 -131.49
18 -132.552
18.1667 -133.555
18.3333 -134.5
18.5 -135.385
18.6667 -136.212
18.8333 -136.978
19 -137.685
19.1667 -138.331
19.3333 -138.916
19.5 -139.441
19.6667 -139.904
19.8333 -140.306
20 -140.647
20.1667 -140.925
20.3333 -141.142
20.5 -141.297
20.6667 -141.39
20.8333 -141.421
21 -141.39
21.1667 -141.297
21.3333 -141.142
21.5 -140.925
21.6667 -140.647
21.8333 -140.306
22 -139.904
22.1667 -139.441
22.3333 -138.916
22.5 -138.331
22.6667 -137.685
22.8333 -136.978
23 -136.212
23.1667 -135.385
23.3333 -134.5
23.5 -133.555
23.6667 -132.552
23.8333 -131.49
24 -130.371
24.1667 -129.195
24.3333 -127.962
24.5 -126.673
24.6667 -125.328
24.8333 -123.928
25 -122.474
25.1667 -120.967
25.3333 -119.406
25.5 -117.793
25.6667 -116.128
25.8333 -114.412
26 -112.646
26.1667 -110.831
26.3333 -108.967
26.5 -107.055
26.6667 -105.097
26.8333 -103.092
27 -101.042
27.1667 -98.9473
27.3333 -96.8096
27.5 -94.6294
27.6667 -92.4076
27.8333 -90.1454
28 -87.8436
28.1667 -85.5032
28.3333 -83.1254
28.5 -80.7111
28.6667 -78.2614
28.8333 -75.7774
29 -73.2601
29.1667 -70.7107
29.3333 -68.1303
29.5 -65.52
29.6667 -62.8809
29.8333 -60.2143
30 -57.5213
30.1667 -54.803
30.3333 -52.0607
30.5 -49.2955
30.6667 -46.5088
30.8333 -43.7016
31 -40.8753
31.1667 -38.031
31.3333 -35.1701
31.5 -32.2937
31.6667 -29.4032
31.8333 -26.4997
32 -23.5847
32.1667 -20.6593
32.3333 -17.7248
32.5 -14.7826
32.6667 -11.8338
32.8333 -8.87994
33 -5.92213
33.1667 -2.96172
33.3333 -1.51575e-05
33.5 2.96169
33.6667 5.9221
33.8333 8.87991
34 11.8338
34.1667 14.7825
34.3333 17.7248
34.5 20.6592
34.6667 23.5846
34.8333 26.4997
35 29.4031
35.1667 32.2937
35.3333 35.17
35.5 38.031
35.6667 40.8753
35.8333 43.7016
36 46.5088
36.1667 49.2955
36.3333 52.0607
36.5 54.803
36.6667 57.5212
36.8333 60.2143
37 62.8809
37.1667 65.5199
37.3333 68.1302
37.5 70.7107
37.6667 73.2601
37.8333 75.7773
38 78.2614
38.1667 80.7111
38.3333 83.1254
38.5 85.5032
38.6667 87.8435
38.8333 90.1454
39 92.4076
39.1667 94.6293
39.3333 96.8096
39.5 98.9473
39.6667 101.042
39.8333 103.092
40 105.097
40.1667 107.055
40.3333 108.967
40.5 110.831
40.6667 112.646
40.8333 114.412
41 116.128
41.1667 117.793
41.3333 119.406
41.5 120.967
41.6667 122.474
41.8333 123.928
42 125.328
42.1667 126.673
42.3333 127.962
42.5 129.195
42.6667 130.371
42.8333 131.49
43 132.552
43.1667 133.555
43.3333 134.5
43.5 135.385
43.6667 136.212
43.8333 136.978
44 137.685
44.1667 138.331
44.3333 138.916
44.5 139.441
44.6667 139.904
44.8333 140.306
45 140.647
45.1667 140.925
45.3333 141.142
45.5 141.297
45.6667 141.39
45.8333 141.421
46 141.39
46.1667 141.297
46.3333 141.142
46.5 140.925
46.6667 140.647
46.8333 140.306
47 139.904
47.1667 139.441
47.3333 138.916
47.5 138.331
47.6667 137.685
47.8333 136.978
48 136.212
48.1667 135.385
48.3333 134.5
48.5 133.555
48.6667 132.552
48.8333 131.49
49 130.371
49.1667 129.195
49.3333 127.962
49.5 126.673
49.6667 125.328
49.8333 123.928
50 122.474



0 -0
0.166667 -2.96171
0.333333 -5.92211
0.5 -8.87992
0.666667 -11.8338
0.833333 -14.7826
1 -17.7248
1.16667 -20.6593
1.33333 -23.5847
1.5 -26.4997
1.66667 -29.4032
1.83333 -32.2937
2 -35.1701
2.16667 -38.031
2.33333 -40.8753
2.5 -43.7016
2.66667 -46.5088
2.83333 -49.2955
3 -52.0607
3.16667 -54.803
3.33333 -57.5212
3.5 -60.2143
3.66667 -62.8809
3.83333 -65.52
4 -68.1303
4.16667 -70.7107
4.33333 -73.2601
4.5 -75.7774
4.66667 -78.2614
4.83333 -80.7111
5 -83.1254
5.16667 -85.5032
5.33333 -87.8436
5.5 -90.1454
5.66667 -92.4076
5.83333 -94.6294
6 -96.8096
6.16667 -98.9473
6.33333 -101.042
6.5 -103.092
6.66667 -105.097
6.83333 -107.055
7 -108.967
7.16667 -110.831
7.33333 -112.646
7.5 -114.412
7.66667 -116.128
7.83333 -117.793
8 -119.406
8.16667 -120.967
8.33333 -122.474
8.5 -123.928
8.66667 -125.328
8.83333 -126.673
9 -127.962
9.16667 -129.195
9.33333 -130.371
9.5 -131.49
9.66667 -132.552
9.83333 -133.555
10 -134.5
10.1667 -135.385
10.3333 -136.212
10.5 -136.978
10.6667 -137.685
10.8333 -138.331
11 -138.916
11.1667 -139.441
11.3333 -139.904
11.5 -140.306
11.6667 -140.647
11.8333 -140.925
12 -141.142
12.1667 -141.297
12.3333 -141.39
12.5 -141.421
12.6667 -141.39
12.8333 -141.297
13 -141.142
13.1667 -140.925
13.3333 -140.647
13.5 -140.306
13.6667 -139.904
13.8333 -139.441
14 -138.916
14.1667 -138.331
14.3333 -137.685
14.5 -136.978
14.6667 -136.212
14.8333 -135.385
15 -134.5
15.1667 -133.555
15.3333 -132.552
15.5 -131.49
15.6667 -130.371
15.8333 -129.195
16 -127.962
16.1667 -126.673
16.3333 -125.328
16.5 -123.928
16.6667 -122.474
16.8333 -120.967
17 -119.406
17.1667 -117.793
17.3333 -116.128
17.5 -114.412
17.6667 -112.646
17.8333 -110.831
18 -108.967
18.1667 -107.055
18.3333 -105.097
18.5 -103.092
18.6667 -101.042
18.8333 -98.9473
19 -96.8096
19.1667 -94.6294
19.3333 -92.4076
19.5 -90.1454
19.6667 -87.8436
19.8333 -85.5032
20 -83.1254
20.1667 -80.7111
20.3333 -78.2614
20.5 -75.7774
20.6667 -73.2601
20.8333 -70.7107
21 -68.1303
21.1667 -65.52
21.3333 -62.8809
21.5 -60.2143
21.6667 -57.5213
21.8333 -54.803
22 -52.0607
22.1667 -49.2955
22.3333 -46.5088
22.5 -43.7016
22.6667 -40.8753
22.8333 -38.031
23 -35.1701
23.1667 -32.2937
23.3333 -29.4032
23.5 -26.4997
23.6667 -23.5847
23.8333 -20.6593
24 -17.7248
24.1667 -14.7826
24.3333 -11.8338
24.5 -8.87993
24.6667 -5.92212
24.8333 -2.96171
25 -7.57874e-06
25.1667 2.9617
25.3333 5.9221
25.5 8.87991
25.6667 11.8338
25.8333 14.7825
26 17.7248
26.1667 20.6593
26.3333 23.5847
26.5 26.4997
26.6667 29.4031
26.8333 32.2937
27 35.1701
27.1667 38.031
27.3333 40.8753
27.5 43.7016
27.6667 46.5088
27.8333 49.2955
28 52.0607
28.1667 54.803
28.3333 57.5212
28.5 60.2143
28.6667 62.8809
28.8333 65.5199
29 68.1303
29.1667 70.7107
29.3333 73.2601
29.5 75.7773
29.6667 78.2614
29.8333 80.7111
30 83.1254
30.1667 85.5032
30.3333 87.8436
30.5 90.1454
30.6667 92.4076
30.8333 94.6294
31 96.8096
31.1667 98.9473
31.3333 101.042
31.5 103.092
31.6667 105.097
31.8333 107.055
32 108.967
32.1667 110.831
32.3333 112.646
32.5 114.412
32.6667 116.128
32.8333 117.793
33 119.406
33.1667 120.967
33.3333 122.474
33.5 123.928
33.6667 125.328
33.8333 126.673
34 127.962
34.1667 129.195
34.3333 130.371
34.5 131.49
34.6667 132.552
34.8333 133.555
35 134.5
35.1667 135.385
35.3333 136.212
35.5 136.978
35.6667 137.685
35.8333 138.331
36 138.916
36.1667 139.441
36.3333 139.904
36.5 140.306
36.6667 140.647
36.8333 140.925
37 141.142
37.1667 141.297
37.3333 141.39
37.5 141.421
37.6667 141.39
37.8333 141.297
38 141.142
38.1667 140.925
38.3333 140.647
38.5 140.306
38.6667 139.904
38.8333 139.441
39 138.916
39.1667 138.331
39.3333 137.685
39.5 136.978
39.6667 136.212
39.8333 135.385
40 134.5
40.1667 133.555
40.3333 132.552
40.5 131.49
40.6667 130.371
40.8333 129.195
41 127.962
41.1667 126.673
41.3333 125.328
41.5 123.928
41.6667 122.474
41.8333 120.967
42 119.406
42.1667 117.793
42.3333 116.128
42.5 114.412
42.6667 112.646
42.8333 110.831
43 108.967
43.1667 107.055
43.3333 105.097
43.5 103.092
43.6667 101.042
43.8333 98.9473
44 96.8096
44.1667 94.6294
44.3333 92.4076
44.5 90.1454
44.6667 87.8436
44.8333 85.5032
45 83.1254
45.1667 80.7111
45.3333 78.2614
45.5 75.7774
45.6667 73.2601
45.8333 70.7107
46 68.1303
46.1667 65.52
46.3333 62.8809
46.5 60.2143
46.6667 57.5213
46.8333 54.803
47 52.0607
47.1667 49.2955
47.3333 46.5088
47.5 43.7016
47.6667 40.8753
47.8333 38.031
48 35.1701
48.1667 32.2937
48.3333 29.4032
48.5 26.4997
48.6667 23.5847
48.8333 20.6593
49 17.7248
49.1667 14.7826
49.3333 11.8338
49.5 8.87994
49.6667 5.92213
49.8333 2.96172
50 1.51575e-05



0 122.474
0.166667 123.928
0.333333 125.328
0.5 126.673
0.666667 127.962
0.833333 129.195
1 130.371
1.16667 131.49
1.33333 132.552
1.5 133.555
1.66667 134.5
1.83333 135.385
2 136.212
2.16667 136.978
2.33333 137.685
2.5 138.331
2.66667 138.916
2.83333 139.441
3 139.904
3.16667 140.306
3.33333 140.647
3.5 140.925
3.66667 141.142
3.83333 141.297
4 141.39
4.16667 141.421
4.33333 141.39
4.5 141.297
4.66667 141.142
4.83333 140.925
5 140.647
5.16667 140.306
5.33333 139.904
5.5 139.441
5.66667 138.916
5.83333 138.331
6 137.685
6.16667 136.978
6.33333 136.212
6.5 135.385
6.66667 134.5
6.83333 133.555
7 132.552
7.16667 131.49
7.33333 130.371
7.5 129.195
7.66667 127.962
7.83333 126.673
8 125.328
8.16667 123.928
8.33333 122.474
8.5 120.967
8.66667 119.406
8.83333 117.793
9 116.128
9.16667 114.412
9.33333 112.646
9.5 110.831
9.66667 108.967
9.83333 107.055
10 105.097
10.1667 103.092
10.3333 101.042
10.5 98.9473
10.6667 96.8096
10.8333 94.6294
11 92.4076
11.1667 90.1454
11.3333 87.8436
11.5 85.5032
11.6667 83.1254
11.8333 80.7111
12 78.2614
12.1667 75.7774
12.3333 73.2601
12.5 70.7107
12.6667 68.1303
12.8333 65.52
13 62.8809
13.1667 60.2143
13.3333 57.5212
13.5 54.803
13.6667 52.0607
13.8333 49.2955
14 46.5088
14.1667 43.7016
14.3333 40.8753
14.5 38.031
14.6667 35.1701
14.8333 32.2937
15 29.4032
15.1667 26.4997
15.3333 23.5847
15.5 20.6593
15.6667 17.7248
15.8333 14.7826
16 11.8338
16.1667 8.87992
16.3333 5.92211
16.5 2.96171
16.6667 6.28037e-14
16.8333 -2.96171
17 -5.92211
17.1667 -8.87992
17.3333 -11.8338
17.5 -14.7826
17.6667 -17.7248
17.8333 -20.6593
18 -23.5847
18.1667 -26.4997
18.3333 -29.4032
18.5 -32.2937
18.6667 -35.1701
18.8333 -38.031
19 -40.8753
19.1667 -43.7016
19.3333 -46.5088
19.5 -49.2955
19.6667 -52.0607
19.8333 -54.803
20 -57.5212
20.1667 -60.2143
20.3333 -62.8809
20.5 -65.52
20.6667 -68.1303
20.8333 -70.7107
21 -73.2601
21.1667 -75.7774
21.3333 -78.2614
21.5 -80.7111
21.6667 -83.1254
21.8333 -85.5032
22 -87.8436
22.1667 -90.1454
22.3333 -92.4076
22.5 -94.6294
22.6667 -96.8096
22.8333 -98.9473
23 -101.042
23.1667 -103.092
23.3333 -105.097
23.5 -107.055
23.6667 -108.967
23.8333 -110.831
24 -112.646
24.1667 -114.412
24.3333 -116.128
24.5 -117.793
24.6667 -119.406
24.8333 -120.967
25 -122.474
25.1667 -123.928
25.3333 -125.328
25.5 -126.673
25.6667 -127.962
25.8333 -129.195
26 -130.371
26.1667 -131.49
26.3333 -132.552
26.5 -133.555
26.6667 -134.5
26.8333 -135.385
27 -136.212
27.1667 -136.978
27.3333 -137.685
27.5 -138.331
27.6667 -138.916
27.8333 -139.441
28 -139.904
28.1667 -140.306
28.3333 -140.647
28.5 -140.925
28.6667 -141.142
28.8333 -141.297
29 -141.39
29.1667 -141.421
29.3333 -141.39
29.5 -141.297
29.6667 -141.142
29.8333 -140.925
30 -140.647
30.1667 -140.306
30.3333 -139.904
30.5 -139.441
30.6667 -138.916
30.8333 -138.331
31 -137.685
31.1667 -136.978
31.3333 -136.212
31.5 -135.385
31.6667 -134.5
31.8333 -133.555
32 -132.552
32.1667 -131.49
32.3333 -130.371
32.5 -129.195
32.6667 -127.962
32.8333 -126.673
33 -125.328
33.1667 -123.928
33.3333 -122.474
33.5 -120.967
33.6667 -119.406
33.8333 -117.793
34 -116.128
34.1667 -114.412
34.3333 -112.646
34.5 -110.831
34.6667 -108.967
34.8333 -107.055
35 -105.097
35.1667 -103.092
35.3333 -101.042
35.5 -98.9473
35.6667 -96.8096
35.8333 -94.6294
36 -92.4076
36.1667 -90.1454
36.3333 -87.8436
36.5 -85.5032
36.6667 -83.1254
36.8333 -80.7111
37 -78.2614
37.1667 -75.7774
37.3333 -73.2601
37.5 -70.7107
37.6667 -68.1303
37.8333 -65.52
38 -62.8809
38.1667 -60.2143
38.3333 -57.5213
38.5 -54.803
38.6667 -52.0607
38.8333 -49.2955
39 -46.5088
39.1667 -43.7016
39.3333 -40.8753
39.5 -38.031
39.6667 -35.1701
39.8333 -32.2937
40 -29.4032
40.1667 -26.4997
40.3333 -23.5847
40.5 -20.6593
40.6667 -17.7248
40.8333 -14.7826
41 -11.8338
41.1667 -8.87993
41.3333 -5.92212
41.5 -2.96171
41.6667 -7.57874e-06
41.8333 2.9617
42 5.9221
42.1667 8.87991
42.3333 11.8338
42.5 14.7825
42.6667 17.7248
42.8333 20.6593
43 23.5847
43.1667 26.4997
43.3333 29.4031
43.5 32.2937
43.6667 35.1701
43.8333 38.031
44 40.8753
44.1667 43.7016
44.3333 46.5088
44.5 49.2955
44.6667 52.0607
44.8333 54.803
45 57.5212
45.1667 60.2143
45.3333 62.8809
45.5 65.5199
45.6667 68.1303
45.8333 70.7107
46 73.2601
46.1667 75.7773
46.3333 78.2614
46.5 80.7111
46.6667 83.1254
46.8333 85.5032
47 87.8436
47.1667 90.1454
47.3333 92.4076
47.5 94.6294
47.6667 96.8096
47.8333 98.9473
48 101.042
48.1667 103.092
48.3333 105.097
48.5 107.055
48.6667 108.967
48.8333 110.831
49 112.646
49.1667 114.412
49.3333 116.128
49.5 117.793
49.6667 119.406
49.8333 120.967
50 122.474



0 -122.474
0.166667 -120.967
0.333333 -119.406
0.5 -117.793
0.666667 -116.128
0.833333 -114.412
1 -112.646
1.16667 -110.831
1.33333 -108.967
1.5 -107.055
1.66667 -105.097
1.83333 -103.092
2 -101.042
2.16667 -98.9473
2.33333 -96.8096
2.5 -94.6294
2.66667 -92.4076
2.83333 -90.1454
3 -87.8436
3.16667 -85.5032
3.33333 -83.1254
3.5 -80.7111
3.66667 -78.2614
3.83333 -75.7774
4 -73.2601
4.16667 -70.7107
4.33333 -68.1303
4.5 -65.52
4.66667 -62.8809
4.83333 -60.2143
5 -57.5213
5.16667 -54.803
5.33333 -52.0607
5.5 -49.2955
5.66667 -46.5088
5.83333 -43.7016
6 -40.8753
6.16667 -38.031
6.33333 -35.1701
6.5 -32.2937
6.66667 -29.4032
6.83333 -26.4997
7 -23.5847
7.16667 -20.6593
7.33333 -17.7248
7.5 -14.7826
7.66667 -11.8338
7.83333 -8.87993
8 -5.92212
8.16667 -2.96171
8.33333 -7.57874e-06
8.5 2.9617
8.66667 5.9221
8.83333 8.87991
9 11.8338
9.16667 14.7825
9.33333 17.7248
9.5 20.6593
9.66667 23.5847
9.83333 26.4997
10 29.4031
10.1667 32.2937
10.3333 35.1701
10.5 38.031
10.6667 40.8753
10.8333 43.7016
11 46.5088
11.1667 49.2955
11.3333 52.0607
11.5 54.803
11.6667 57.5212
11.8333 60.2143
12 62.8809
12.1667 65.5199
12.3333 68.1303
12.5 70.7107
12.6667 73.2601
12.8333 75.7773
13 78.2614
13.1667 80.7111
13.3333 83.1254
13.5 85.5032
13.6667 87.8436
13.8333 90.1454
14 92.4076
14.1667 94.6294
14.3333 96.8096
14.5 98.9473
14.6667 101.042
14.8333 103.092
15 105.097
15.1667 107.055
15.3333 108.967
15.5 110.831
15.6667 112.646
15.8333 114.412
16 116.128
16.1667 117.793
16.3333 119.406
16.5 120.967
16.6667 122.474
16.8333 123.928
17 125.328
17.1667 126.673
17.3333 127.962
17.5 129.195
17.6667 130.371
17.8333 131.49
18 132.552
18.1667 133.555
18.3333 134.5
18.5 135.385
18.6667 136.212
18.8333 136.978
19 137.685
19.1667 138.331
19.3333 138.916
19.5 139.441
19.6667 139.904
19.8333 140.306
20 140.647
20.1667 140.925
20.3333 141.142
20.5 141.297
20.6667 141.39
20.8333 141.421
21 141.39
21.1667 141.297
21.3333 141.142
21.5 140.925
21.6667 140.647
21.8333 140.306
22 139.904
22.1667 139.441
22.3333 138.916
22.5 138.331
22.6667 137.685
22.8333 136.978
23 136.212
23.1667 135.385
23.3333 134.5
23.5 133.555
23.6667 132.552
23.8333 131.49
24 130.371
24.1667 129.195
24.3333 127.962
24.5 126.673
24.6667 125.328
24.8333 123.928
25 122.474
25.1667 120.967
25.3333 119.406
25.5 117.793
25.6667 116.128
25.8333 114.412
26 112.646
26.1667 110.831
26.3333 108.967
26.5 107.055
26.6667 105.097
26.8333 103.092
27 101.042
27.1667 98.9473
27.3333 96.8096
27.5 94.6294
27.6667 92.4076
27.8333 90.1454
28 87.8436
28.1667 85.5032
28.3333 83.1254
28.5 80.7111
28.6667 78.2614
28.8333 75.7774
29 73.2601
29.1667 70.7107
29.3333 68.1303
29.5 65.52
29.6667 62.8809
29.8333 60.2143
30 57.5213
30.1667 54.803
30.3333 52.0607
30.5 49.2955
30.6667 46.5088
30.8333 43.7016
31 40.8753
31.1667 38.031
31.3333 35.1701
31.5 32.2937
31.6667 29.4032
31.8333 26.4997
32 23.5847
32.1667 20.6593
32.3333 17.7248
32.5 14.7826
32.6667 11.8338
32.8333 8.87994
33 5.92213
33.1667 2.96172
33.3333 1.51575e-05
33.5 -2.96169
33.6667 -5.9221
33.8333 -8.87991
34 -11.8338
34.1667 -14.7825
34.3333 -17.7248
34.5 -20.6592
34.6667 -23.5846
34.8333 -26.4997
35 -29.4031
35.1667 -32.2937
35.3333 -35.17
35.5 -38.031
35.6667 -40.8753
35.8333 -43.7016
36 -46.5088
36.1667 -49.2955
36.3333 -52.0607
36.5 -54.803
36.6667 -57.5212
36.8333 -60.2143
37 -62.8809
37.1667 -65.5199
37.3333 -68.1302
37.5 -70.7107
37.6667 -73.2601
37.8333 -75.7773
38 -78.2614
38.1667 -80.7111
38.3333 -83.1254
38.5 -85.5032
38.6667 -87.8435
38.8333 -90.1454
39 -92.4076
39.1667 -94.6293
39.3333 -96.8096
39.5 -98.9473
39.6667 -101.042
39.8333 -103.092
40 -105.097
40.1667 -107.055
40.3333 -108.967
40.5 -110.831
40.6667 -112.646
40.8333 -114.412
41 -116.128
41.1667 -117.793
41.3333 -119.406
41.5 -120.967
41.6667 -122.474
41.8333 -123.928
42 -125.328
42.1667 -126.673
42.3333 -127.962
42.5 -129.195
42.6667 -130.371
42.8333 -131.49
43 -132.552
43.1667 -133.555
43.3333 -134.5
43.5 -135.385
43.6667 -136.212
43.8333 -136.978
44 -137.685
44.1667 -138.331
44.3333 -138.916
44.5 -139.441
44.6667 -139.904
44.8333 -140.306
45 -140.647
45.1667 -140.925
45.3333 -141.142
45.5 -141.297
45.6667 -141.39
45.8333 -141.421
46 -141.39
46.1667 -141.297
46.3333 -141.142
46.5 -140.925
46.6667 -140.647
46.8333 -140.306
47 -139.904
47.1667 -139.441
47.3333 -138.916
47.5 -138.331
47.6667 -137.685
47.8333 -136.978
48 -136.212
48.1667 -135.385
48.3333 -134.5
48.5 -133.555
48.6667 -132.552
48.8333 -131.49
49 -130.371
49.1667 -129.195
49.3333 -127.962
49.5 -126.673
49.6667 -125.328
49.8333 -123.928
50 -122.474



