0 122.474
0.125 123.57
0.25 124.635
0.375 125.669
0.5 126.673
0.625 127.645
0.75 128.585
0.875 129.494
1 130.371
1.125 131.216
1.25 132.028
1.375 132.808
1.5 133.555
1.625 134.269
1.75 134.95
1.875 135.598
2 136.212
2.125 136.792
2.25 137.339
2.375 137.852
2.5 138.331
2.625 138.776
2.75 139.186
2.875 139.562
3 139.904
3.125 140.211
3.25 140.484
3.375 140.722
3.5 140.925
3.625 141.094
3.75 141.228
3.875 141.326
4 141.39
4.125 141.419
4.25 141.414
4.375 141.373
4.5 141.297
4.625 141.187
4.75 141.042
4.875 140.861
5 140.647
5.125 140.397
5.25 140.113
5.375 139.794
5.5 139.441
5.625 139.053
5.75 138.631
5.875 138.175
6 137.685
6.125 137.161
6.25 136.603
6.375 136.011
6.5 135.385
6.625 134.727
6.75 134.035
6.875 133.31
7 132.552
7.125 131.761
7.25 130.938
7.375 130.082
7.5 129.195
7.625 128.275
7.75 127.324
7.875 126.342
8 125.328
8.125 124.284
8.25 123.208
8.375 122.843
8.5 123.928
8.625 124.983
8.75 126.007
8.875 127
9 127.962
9.125 128.892
9.25 129.79
9.375 130.656
9.5 131.49
9.625 132.292
9.75 133.061
9.875 133.797
10 134.5
10.125 135.17
10.25 135.806
10.375 136.409
10.5 136.978
10.625 137.514
10.75 138.015
10.875 138.483
11 138.916
11.125 139.315
11.25 139.68
11.375 140.01
11.5 140.306
11.625 140.567
11.75 140.794
11.875 140.985
12 141.142
12.125 141.264
12.25 141.352
12.375 141.404
12.5 141.421
12.625 141.404
12.75 141.352
12.875 141.264
13 141.142
13.125 140.985
13.25 140.794
13.375 140.567
13.5 140.306
13.625 140.01
13.75 139.68
13.875 139.315
14 138.916
14.125 138.483
14.25 138.015
14.375 137.514
14.5 136.978
14.625 136.409
14.75 135.806
14.875 135.17
15 134.5
15.125 133.797
15.25 133.061
15.375 132.292
15.5 131.49
15.625 130.656
15.75 129.79
15.875 128.892
16 127.962
16.125 127
16.25 126.007
16.375 124.983
16.5 123.928
16.625 122.843
16.75 123.208
16.875 124.284
17 125.328
17.125 126.342
17.25 127.324
17.375 128.275
17.5 129.195
17.625 130.082
17.75 130.938
17.875 131.761
18 132.552
18.125 133.31
18.25 134.035
18.375 134.727
18.5 135.385
18.625 136.011
18.75 136.603
18.875 137.161
19 137.685
19.125 138.175
19.25 138.631
19.375 139.053
19.5 139.441
19.625 139.794
19.75 140.113
19.875 140.397
20 140.647
20.125 140.861
20.25 141.042
20.375 141.187
20.5 141.297
20.625 141.373
20.75 141.414
20.875 141.419
21 141.39
21.125 141.326
21.25 141.228
21.375 141.094
21.5 140.925
21.625 140.722
21.75 140.484
21.875 140.211
22 139.904
22.125 139.562
22.25 139.186
22.375 138.776
22.5 138.331
22.625 137.852
22.75 137.339
22.875 136.792
23 136.212
23.125 135.598
23.25 134.95
23.375 134.269
23.5 133.555
23.625 132.808
23.75 132.028
23.875 131.216
24 130.371
24.125 129.494
24.25 128.585
24.375 127.645
24.5 126.673
24.625 125.669
24.75 124.635
24.875 123.57
25 122.474
25.125 123.57
25.25 124.635
25.375 125.669
25.5 126.673
25.625 127.645
25.75 128.585
25.875 129.494
26 130.371
26.125 131.216
26.25 132.028
26.375 132.808
26.5 133.555
26.625 134.269
26.75 134.95
26.875 135.598
27 136.212
27.125 136.792
27.25 137.339
27.375 137.852
27.5 138.331
27.625 138.776
27.75 139.186
27.875 139.562
28 139.904
28.125 140.211
28.25 140.484
28.375 140.722
28.5 140.925
28.625 141.094
28.75 141.228
28.875 141.326
29 141.39
29.125 141.419
29.25 141.414
29.375 141.373
29.5 141.297
29.625 141.187
29.75 141.042
29.875 140.861
30 140.647
30.125 140.397
30.25 140.113
30.375 139.794
30.5 139.441
30.625 139.053
30.75 138.631
30.875 138.175
31 137.685
31.125 137.161
31.25 136.603
31.375 136.011
31.5 135.385
31.625 134.727
31.75 134.035
31.875 133.31
32 132.552
32.125 131.761
32.25 130.938
32.375 130.082
32.5 129.195
32.625 128.275
32.75 127.324
32.875 126.342
33 125.328
33.125 124.284
33.25 123.208
33.375 122.843
33.5 123.928
33.625 124.983
33.75 126.007
33.875 127
34 127.962
34.125 128.892
34.25 129.79
34.375 130.656
34.5 131.49
34.625 132.292
34.75 133.061
34.875 133.797
35 134.5
35.125 135.17
35.25 135.806
35.375 136.409
35.5 136.978
35.625 137.514
35.75 138.015
35.875 138.483
36 138.916
36.125 139.315
36.25 139.68
36.375 140.01
36.5 140.306
36.625 140.567
36.75 140.794
36.875 140.985
37 141.142
37.125 141.264
37.25 141.352
37.375 141.404
37.5 141.421
37.625 141.404
37.75 141.352
37.875 141.264
38 141.142
38.125 140.985
38.25 140.794
38.375 140.567
38.5 140.306
38.625 140.01
38.75 139.68
38.875 139.315
39 138.916
39.125 138.483
39.25 138.015
39.375 137.514
39.5 136.978
39.625 136.409
39.75 135.806
39.875 135.17
40 134.5
40.125 133.797
40.25 133.061
40.375 132.292
40.5 131.49
40.625 130.656
40.75 129.79
40.875 128.892
41 127.962
41.125 127
41.25 126.007
41.375 124.983
41.5 123.928
41.625 122.843
41.75 123.208
41.875 124.283
42 125.328
42.125 126.342
42.25 127.324
42.375 128.275
42.5 129.195
42.625 130.082
42.75 130.938
42.875 131.761
43 132.552
43.125 133.31
43.25 134.035
43.375 134.727
43.5 135.385
43.625 136.011
43.75 136.603
43.875 137.161
44 137.685
44.125 138.175
44.25 138.631
44.375 139.053
44.5 139.441
44.625 139.794
44.75 140.113
44.875 140.397
45 140.647
45.125 140.861
45.25 141.042
45.375 141.187
45.5 141.297
45.625 141.373
45.75 141.414
45.875 141.419
46 141.39
46.125 141.326
46.25 141.228
46.375 141.094
46.5 140.925
46.625 140.722
46.75 140.484
46.875 140.211
47 139.904
47.125 139.562
47.25 139.186
47.375 138.776
47.5 138.331
47.625 137.852
47.75 137.339
47.875 136.792
48 136.212
48.125 135.598
48.25 134.95
48.375 134.269
48.5 133.555
48.625 132.808
48.75 132.028
48.875 131.216
49 130.371
49.125 129.494
49.25 128.585
49.375 127.645
49.5 126.673
49.625 125.669
49.75 124.635
49.875 123.57
50 122.474
min = 122.474